		Field	Intensity scaling	R1 back-calculated	Fitted R1
Residue 2
4.997531645558185	51698553.905356355	5.099564305981107	4.1963936045973
2.9819631110569436	65387609.24898003	6.761179083540374	5.794375408293631
1.9950626767409982	66781751.311314516	8.323090581565786	7.360651904357962
1.3919038446545553	133074775.25995862	10.2360676068703	8.515755434348371
1.0098820280754115	124583474.06557015	12.398387359796287	10.396364994724483
0.7207981972685538	259207137.75198328	14.871350751640161	12.893187113313363
0.497468543403059	85805231.92631307	17.29189274997237	13.171101261659853
Residue 3
4.997531645558185	44452743.12758475	5.212239763977815	4.522702957864458
2.9819631110569436	57664373.227516465	6.931761404209649	6.076597501744261
1.9950626767409982	58288795.02389707	8.517639803993248	7.608840034021877
1.3919038446545553	107156149.5916222	10.446709365309452	9.282961257872202
1.0098820280754115	104376657.61528288	12.642978820145792	10.772205033312446
0.7207981972685538	219124365.3742874	15.183019784637386	13.022496162600142
0.497468543403059	71858043.7357611	17.693781137399302	14.741960345565577
Residue 4
4.997531645558185	36615954.90967701	5.245759185934104	4.57678691629673
2.9819631110569436	49680336.53638417	6.964278638984499	6.059867037996829
1.9950626767409982	52405079.766894855	8.575876359649808	7.739758165505499
1.3919038446545553	86939381.1630438	10.539231314159995	9.567609563488483
1.0098820280754115	75518472.63099767	12.753675273436661	9.88605071525721
0.7207981972685538	170620487.93121627	15.288127741648685	12.283128018442088
0.497468543403059	61529967.22825006	17.773452654714802	14.93743039834375
Residue 5
4.997531645558185	42506609.39936769	4.921819802686095	4.221999458465909
2.9819631110569436	53207088.044074	6.538812483042685	5.736077861203888
1.9950626767409982	53954519.12277174	8.043758108030294	7.41930758333943
1.3919038446545553	99457082.99254818	9.88432044003437	9.100171509495201
1.0098820280754115	97356176.18492879	11.976293871063934	10.334798806734371
0.7207981972685538	199431780.60499412	14.386539088914047	12.961403267198238
0.497468543403059	64401099.67881764	16.761129560711122	14.725532769444502
