		Field	Intensity scaling	Back-calculated R1	Fitted R1
Residue 36
9.399856585072442	2269394.22616367	0.6222397599326294	0.6196282554784235
9.399059757317183	70202200.58826678	0.6222864998792159	0.5825523594739337
9.159657053037042	2338595.292773239	0.6367145506937256	0.6385427641272224
4.002628380638418	4371237.643247531	1.3564445963896092	1.2943193181350858
3.399407567087584	4512219.7675057985	1.564526097824598	1.411680518719941
2.9899522114961155	4687667.176282483	1.7421043921022947	1.6299220136757266
2.6381569650058143	4575411.563853008	1.9255040022175398	1.8084662927668609
2.1888801929196475	4109961.3119307836	2.2137546801542496	2.134760110651846
2.023538967136629	4718067.797569198	2.3390570626616225	2.321514143450307
1.8400827009046044	3745760.176907105	2.4931010584107907	2.2334619306319707
1.4612589795016238	4182898.2104578484	2.8751678945788957	2.797873988252136
1.255542857215886	4052916.242295218	3.131896929945867	2.974210333676166
1.0759910211910704	4523963.548086752	3.3967199160078057	3.192170504613436
0.789288763023734	3949763.0561140017	3.935005541447886	3.661163781041946
0.7121858262214129	2200567.355333759	4.11233231021295	3.686690950669998
0.6488870094902932	4132911.640588217	4.270321364921969	3.770803184025643
0.6488815217606909	2295629.251285371	4.270335564585761	3.688738336303262
0.5610631397370547	2180241.3259276296	4.508794109130439	4.320678565236984
0.4403935738649398	4262675.240237065	4.8698178178629385	4.223741646874419
0.32961373912394265	3097649.810783777	5.219051056865958	4.323624790187266
0.334250322178832	9121646.011832254	5.20452023699451	4.480713490867368
0.31744423269219624	2368108.58540241	5.257012161405152	4.420458543859765
Residue 44
9.399856585072442	1944538.0235134999	0.5246283539441213	0.5559925357048099
9.399059757317183	64901381.89094512	0.5246577005030645	0.5518716122037175
9.159657053037042	2013074.843491569	0.5336685729297299	0.5622692348452543
4.002628380638418	3875488.4916328047	0.9281995236519166	0.8893166807493801
3.399407567087584	4022583.342200457	1.0310282161781015	1.0208218565848552
2.9899522114961155	4127064.5961337136	1.115349113133299	1.0613238153984559
2.6381569650058143	4080259.809880299	1.199138852622994	1.1365605096451454
2.1888801929196475	3701959.1973983147	1.3243007787963308	1.2809051642093996
2.023538967136629	4200257.121670665	1.3763713819007615	1.3367754201012398
1.8400827009046044	3319916.4275045423	1.4386184747701878	1.3990491016012219
1.4612589795016238	3751842.7841492686	1.5858604704689447	1.5965640203848923
1.255542857215886	3663114.74251214	1.6804393783911913	1.637746250924417
1.0759910211910704	3965707.969524595	1.7756099632808249	1.722275796337176
0.789288763023734	3589934.300835523	1.9651787622331216	1.7121949340377332
0.7121858262214129	2021340.0725166425	2.0271309967592788	1.7877393478669208
0.6488870094902932	3706071.331670926	2.0822585438862315	1.8192680843715865
0.6488815217606909	2049740.7356843622	2.08226349703134	1.868831663791814
0.5610631397370547	1972573.911909462	2.1654304105497943	2.0240913881188565
0.4403935738649398	3924246.1267006733	2.291392062176758	2.11782538979141
0.32961373912394265	2891163.7334960056	2.4133792819338686	2.381220797030936
0.334250322178832	8484550.827731574	2.408300512013431	2.378402636209037
0.31744423269219624	2099994.5640682247	2.4266486418162474	2.149424636867481
