		Field	Intensity scaling	Back-calculated R1	Fitted R1
Residue 2
4.997531645558185	52568689.6038955	5.204140377448099	4.1963936045973
2.9819631110569436	66212484.43710443	6.909547877187456	5.794375408293631
1.9950626767409982	68197108.37675406	8.498732209349741	7.360651904357962
1.3919038446545553	135534958.6822532	10.450899872244822	8.515755434348371
1.0098820280754115	128333420.81472948	12.674620338708195	10.396364994724483
0.7207981972685538	268747968.5593794	15.236588600867984	12.893187113313363
0.497468543403059	90479986.94266406	17.758323545795147	13.171101261659853
Residue 3
4.997531645558185	44229683.25155433	5.171889313674162	4.522702957864458
2.9819631110569436	57002794.617853455	6.8781681086141235	6.076597501744261
1.9950626767409982	57762529.37702989	8.459192707353834	7.608840034021877
1.3919038446545553	105625350.92244977	10.377372400293357	9.282961257872202
1.0098820280754115	103093848.37547387	12.551229821998506	10.772205033312446
0.7207981972685538	215829960.5371663	15.056611881906429	13.022496162600142
0.497468543403059	70443340.64762844	17.52775556144605	14.741960345565577
Residue 4
4.997531645558185	36950094.403006524	5.299837189322442	4.57678691629673
2.9819631110569436	49959769.29068457	7.037254188430303	6.059867037996829
1.9950626767409982	52952533.23233528	8.664920551746604	7.739758165505499
1.3919038446545553	88138284.51976688	10.65067553580514	9.567609563488483
1.0098820280754115	76620782.2399978	12.8940969581351	9.88605071525721
0.7207981972685538	173560227.7463778	15.464557843055964	12.283128018442088
0.497468543403059	63084567.35878932	17.986796542900343	14.93743039834375
Residue 5
4.997531645558185	42583116.29221405	4.917769406689402	4.221999458465909
2.9819631110569436	53034869.495999694	6.529827185472035	5.736077861203888
1.9950626767409982	53827095.808169484	8.034262343641739	7.41930758333943
1.3919038446545553	98986818.55168484	9.876329715703182	9.100171509495201
1.0098820280754115	97099078.11531696	11.967930475125268	10.334798806734371
0.7207981972685538	198794509.53148234	14.373454694675981	12.961403267198238
0.497468543403059	64044740.850389175	16.73946924091262	14.725532769444502
