		Field	Intensity scaling	Back-calculated R1	Fitted R1
Residue 36
9.399856585072442	1958573.7538475816	0.4158123957098716	0.6196282554784235
9.399059757317183	57640266.97986141	0.4158426631233998	0.5825523594739337
9.159657053037042	1986719.6589179458	0.42522667195712677	0.6385427641272224
4.002628380638418	3341762.160781365	0.952963932578757	1.2943193181350858
3.399407567087584	3797154.6804334084	1.1149709491999131	1.411680518719941
2.9899522114961155	3887415.641081698	1.2542917177816617	1.6299220136757266
2.6381569650058143	3813035.1033329717	1.398983545102409	1.8084662927668609
2.1888801929196475	3360178.7271500397	1.6281766818452603	2.134760110651846
2.023538967136629	3611980.0405560234	1.7286645367386575	2.321514143450307
1.8400827009046044	2884331.6541963234	1.8531155858371937	2.2334619306319707
1.4612589795016238	3426560.0276688146	2.1673030000957705	2.797873988252136
1.255542857215886	3238456.4753036723	2.383677224439071	2.974210333676166
1.0759910211910704	3696989.2059309166	2.61155686618886	3.192170504613436
0.789288763023734	2989653.381131717	3.087666224120129	3.661163781041946
0.7121858262214129	1754460.2420260522	3.247499496461524	3.686690950669998
0.6488870094902932	3282350.512449759	3.390838146377593	3.770803184025643
0.6488815217606909	1847246.253380907	3.3908510643358833	3.688738336303262
0.5610631397370547	1740824.3745851966	3.608551914382462	4.320678565236984
0.4403935738649398	3407371.9657638706	3.9404839819682014	4.223741646874419
0.32961373912394265	2477912.5373009304	4.263438409032935	4.323624790187266
0.334250322178832	7319089.160173808	4.2499732679456725	4.480713490867368
0.31744423269219624	1865065.0845490433	4.298625257850197	4.420458543859765
Residue 44
9.399856585072442	1954474.7376221428	0.5283842904374462	0.5559925357048099
9.399059757317183	65204508.73898003	0.5284124303472386	0.5518716122037175
9.159657053037042	2023212.3834350305	0.5370538354134892	0.5622692348452543
4.002628380638418	3867694.997006189	0.9173397847858084	0.8893166807493801
3.399407567087584	4024766.8355814503	1.0171374362843213	1.0208218565848552
2.9899522114961155	4125504.514748123	1.0991952198809642	1.0613238153984559
2.6381569650058143	4079042.884364263	1.1809294541535216	1.1365605096451454
2.1888801929196475	3697868.138542786	1.3033580764880408	1.2809051642093996
2.023538967136629	4183433.2315949597	1.3544004770450353	1.3367754201012398
1.8400827009046044	3307219.9331546957	1.415493192870545	1.3990491016012219
1.4612589795016238	3746790.802202738	1.5602746609911835	1.5965640203848923
1.255542857215886	3653908.401460762	1.6534222883923615	1.637746250924417
1.0759910211910704	3950477.2812630096	1.747227170002507	1.722275796337176
0.789288763023734	3572216.1549006077	1.9341896922616135	1.7121949340377332
0.7121858262214129	2015554.6696383276	1.9953049517677617	1.7877393478669208
0.6488870094902932	3693063.875168104	2.049690111901095	1.8192680843715865
0.6488815217606909	2043981.8864370806	2.0496949984099833	1.868831663791814
0.5610631397370547	1967044.0266917448	2.1317440070804827	2.0240913881188565
0.4403935738649398	3913407.4023752753	2.2560136860744717	2.11782538979141
0.32961373912394265	2882622.1075985115	2.376361289502026	2.381220797030936
0.334250322178832	8458396.09510864	2.3713508176963423	2.378402636209037
0.31744423269219624	2092103.4422712887	2.3894521904459025	2.149424636867481
