		Field	Intensity scaling	Back-calculated R1	Fitted R1
Residue 30
9.399856585072442	1755470.7465742102	0.5754734783163518	0.607165647057214
9.399059757317183	51769206.35494085	0.575522871307639	0.5685059691017357
9.159657053037042	1788296.901050903	0.5908443143794448	0.6682484441165398
4.002628380638418	3285936.3845532225	1.4824176247935361	1.5311598621619609
3.399407567087584	3536262.2452034163	1.7617398312405654	1.7981275130508623
2.9899522114961155	3545203.064961312	2.0018931074032222	1.9784685436306764
2.6381569650058143	3458460.5375244776	2.2508548303820777	2.1988036058375715
2.1888801929196475	3151494.831651716	2.6441859881046565	2.956402587084066
2.023538967136629	3387852.120356017	2.816417220843497	3.0312111186251975
1.8400827009046044	2775907.0435986524	3.0297873943490368	3.1159258314466953
1.4612589795016238	3193671.8571220497	3.5706197734882617	3.4169270686576367
1.255542857215886	3035256.717727255	3.946528494179318	4.11429628938643
1.0759910211910704	3364133.531012147	4.346428219231555	4.337725560023289
0.789288763023734	2846086.5617505326	5.194137571445387	5.016478864745997
0.7121858262214129	1684253.3098898486	5.481266433063058	5.14844848435779
0.6488870094902932	3130929.920135856	5.739276198875961	5.227274416645545
0.6488815217606909	1725011.6903593454	5.739299463308952	4.746410589357079
0.5610631397370547	1636433.889436392	6.131392790340042	5.745549686057571
0.4403935738649398	3123395.9593829387	6.72785265871623	6.754912083206167
0.32961373912394265	2407221.680887347	7.304315620206009	6.541079012751355
0.334250322178832	7005844.705273642	7.280383654586249	6.717610937020118
0.31744423269219624	1672739.702528768	7.366806849453531	5.905454197348448
