		Field	Intensity scaling	R1 back-calculated	Fitted R1
Residue 30
9.399856585072442	1761477.8839639637	0.581676146936831	0.607165647057214
9.399059757317183	51939847.18182049	0.5817271221524086	0.5685059691017357
9.159657053037042	1785377.1805773384	0.597539254267173	0.6682484441165398
4.002628380638418	3352855.6176860784	1.5171504488805605	1.5311598621619609
3.399407567087584	3570873.399065788	1.8051601443872227	1.7981275130508623
2.9899522114961155	3580891.6035180916	2.052771067278426	1.9784685436306764
2.6381569650058143	3512842.9027499026	2.309456160088505	2.1988036058375715
2.1888801929196475	3191996.288968704	2.7149768384216246	2.956402587084066
2.023538967136629	3435481.460736794	2.892541353564223	3.0312111186251975
1.8400827009046044	2842731.7240469526	3.1125153584817395	3.1159258314466953
1.4612589795016238	3266545.4773781877	3.6700712991779056	3.4169270686576367
1.255542857215886	3101478.9373875177	4.057593148838426	4.11429628938643
1.0759910211910704	3437138.9063546476	4.469840859006272	4.337725560023289
0.789288763023734	2958555.5620684167	5.343719509810201	5.016478864745997
0.7121858262214129	1729824.2920475383	5.639714339862827	5.14844848435779
0.6488870094902932	3217769.654049697	5.905693109971083	5.227274416645545
0.6488815217606909	1783712.7791986277	5.905717093069692	4.746410589357079
0.5610631397370547	1685080.2010214105	6.309925916591273	5.745549686057571
0.4403935738649398	3211700.145876177	6.924830895692015	6.754912083206167
0.32961373912394265	2476583.1807226394	7.519140808906151	6.541079012751355
0.334250322178832	7254663.265289749	7.494467489953069	6.717610937020118
0.31744423269219624	1726039.499554851	7.58356804706804	5.905454197348448
