		Field	Intensity scaling	R1 back-calculated	Fitted R1
Residue 36
9.399856585072442	2238359.280054424	0.6105589003840489	0.6196282554784235
9.399059757317183	69460708.5135742	0.6106050454686757	0.5825523594739337
9.159657053037042	2308942.6984084137	0.6248556801003546	0.6385427641272224
4.002628380638418	4352282.728899402	1.343593575125485	1.2943193181350858
3.399407567087584	4516342.248680122	1.552558402004412	1.411680518719941
2.9899522114961155	4689928.039998813	1.7310446952986522	1.6299220136757266
2.6381569650058143	4567766.301318586	1.9155082677361455	1.8084662927668609
2.1888801929196475	4105151.497605032	2.20569772212064	2.134760110651846
2.023538967136629	4719811.024010362	2.331958082332339	2.321514143450307
1.8400827009046044	3755491.0042789313	2.487290082040656	2.2334619306319707
1.4612589795016238	4167103.8116277927	2.8731519082634143	2.797873988252136
1.255542857215886	4031037.9022514564	3.1329537721937917	2.974210333676166
1.0759910211910704	4525156.015701399	3.4013808897539004	3.192170504613436
0.789288763023734	3989134.0136966584	3.948139518739426	3.661163781041946
0.7121858262214129	2205865.4700918472	4.128518306359251	3.686690950669998
0.6488870094902932	4161903.8049746123	4.289308073643735	3.770803184025643
0.6488815217606909	2308213.707076096	4.289322528092036	3.688738336303262
0.5610631397370547	2200706.9608550807	4.532127111235543	4.320678565236984
0.4403935738649398	4283140.656124987	4.8999382026626845	4.223741646874419
0.32961373912394265	3118941.4755009008	5.255906284574209	4.323624790187266
0.334250322178832	9141843.341389937	5.2410926761791155	4.480713490867368
0.31744423269219624	2373641.618361992	5.294607077103788	4.420458543859765
Residue 44
9.399856585072442	1952717.3647031835	0.5357882586633186	0.5559925357048099
9.399059757317183	65695264.561029315	0.5358181763058429	0.5518716122037175
9.159657053037042	2020586.8903474377	0.5450056796984876	0.5622692348452543
4.002628380638418	3937941.631746918	0.948554376435441	0.8893166807493801
3.399407567087584	4073159.9736346607	1.0534863391422291	1.0208218565848552
2.9899522114961155	4193334.512173147	1.1393575315702142	1.0613238153984559
2.6381569650058143	4153365.2716790517	1.2245549989570166	1.1365605096451454
2.1888801929196475	3745944.563272596	1.3516719928400984	1.2809051642093996
2.023538967136629	4270491.433997641	1.4045469204573957	1.3367754201012398
1.8400827009046044	3377373.80378466	1.4677851095928736	1.3990491016012219
1.4612589795016238	3790052.6752081537	1.617683425687652	1.5965640203848923
1.255542857215886	3721002.4398194575	1.7143370129286108	1.637746250924417
1.0759910211910704	4019651.0860902364	1.8119570980274273	1.722275796337176
0.789288763023734	3652432.492245819	2.0074556211960295	1.7121949340377332
0.7121858262214129	2063892.9572770519	2.071600447855496	1.7877393478669208
0.6488870094902932	3763429.2647651965	2.1287620648864194	1.8192680843715865
0.6488815217606909	2082448.3167352283	2.1287672039502223	1.868831663791814
0.5610631397370547	2003575.8807894632	2.2151262256703785	2.0240913881188565
0.4403935738649398	3986786.7858676394	2.346143057369131	2.11782538979141
0.32961373912394265	2950478.6200686507	2.4732101259198616	2.381220797030936
0.334250322178832	8644342.341535153	2.4679170218327964	2.378402636209037
0.31744423269219624	2143414.493668129	2.487040501584486	2.149424636867481
