		Field	Intensity scaling	Back-calculated R1	Fitted R1
Residue 2
4.997531645558185	52633730.198448226	5.2117679613481975	4.1963936045973
2.9819631110569436	66310568.04433738	6.920789689626174	5.794375408293631
1.9950626767409982	68315003.15902562	8.511750359832565	7.360651904357962
1.3919038446545553	135803088.48389235	10.465532018156495	8.515755434348371
1.0098820280754115	128607956.31863321	12.692101238752985	10.396364994724483
0.7207981972685538	269424583.8446564	15.259229675222707	12.893187113313363
0.497468543403059	90789374.82772148	17.78781096714802	13.171101261659853
Residue 3
4.997531645558185	44395782.623712875	5.1971538850314545	4.522702957864458
2.9819631110569436	57217846.66288953	6.904271152986014	6.076597501744261
1.9950626767409982	58037369.62000443	8.493089179315417	7.608840034021877
1.3919038446545553	106340315.10779737	10.4301093155615	9.282961257872202
1.0098820280754115	103957177.1873133	12.626930173195932	10.772205033312446
0.7207981972685538	218042210.91242373	15.155829367260935	13.022496162600142
0.497468543403059	71401605.15816723	17.646816766552064	14.741960345565577
Residue 4
4.997531645558185	36908540.921861745	5.292856320179306	4.57678691629673
2.9819631110569436	49891222.4252202	7.027570179634942	6.059867037996829
1.9950626767409982	52866216.7975516	8.653071198136256	7.739758165505499
1.3919038446545553	87970420.40928386	10.636701613470226	9.567609563488483
1.0098820280754115	76466302.52079351	12.877793471907836	9.88605071525721
0.7207981972685538	173170146.36514226	15.445291366511693	12.283128018442088
0.497468543403059	62907006.287672445	17.964256499782973	14.93743039834375
Residue 5
4.997531645558185	42392229.50161377	4.887164779792319	4.221999458465909
2.9819631110569436	52797139.38305318	6.499107026911894	5.736077861203888
1.9950626767409982	53508506.309502766	7.991893130970493	7.41930758333943
1.3919038446545553	98131593.6553104	9.80762880657298	9.100171509495201
1.0098820280754115	96063289.18599361	11.869930662525507	10.334798806734371
0.7207981972685538	196262537.4644536	14.24975950386112	12.961403267198238
0.497468543403059	63004812.02154739	16.59864680964916	14.725532769444502
