		Field	Intensity scaling	Back-calculated R1	Fitted R1
Residue 30
9.399856585072442	1764443.2389231909	0.581508425247014	0.607165647057214
9.399059757317183	52081615.69166645	0.5815574862100966	0.5685059691017357
9.159657053037042	1797977.8678219134	0.5967703960113414	0.6682484441165398
4.002628380638418	3283564.414799383	1.4748898300150897	1.5311598621619609
3.399407567087584	3538791.743858063	1.749129182483449	1.7981275130508623
2.9899522114961155	3544800.153685917	1.9848275257972456	1.9784685436306764
2.6381569650058143	3456564.0728097134	2.2291190181749254	2.1988036058375715
2.1888801929196475	3144372.976846099	2.615004650679663	2.956402587084066
2.023538967136629	3365249.3846074725	2.7839587750407504	3.0312111186251975
1.8400827009046044	2756674.206076698	2.993259606456946	3.1159258314466953
1.4612589795016238	3182502.907636787	3.5237476479067116	3.4169270686576367
1.255542857215886	3017155.0547231096	3.892452145389292	4.11429628938643
1.0759910211910704	3338965.369257783	4.284680670488945	4.337725560023289
0.789288763023734	2805961.4982485725	5.116110697777033	5.016478864745997
0.7121858262214129	1669110.5218976904	5.397720111416226	5.14844848435779
0.6488870094902932	3101960.4384273803	5.650767590416153	5.227274416645545
0.6488815217606909	1710843.8309916847	5.650790407290027	4.746410589357079
0.5610631397370547	1620235.2151022474	6.0353375638316	5.745549686057571
0.4403935738649398	3089174.9633657285	6.6203052774234346	6.754912083206167
0.32961373912394265	2379048.2289261743	7.185645373025765	6.541079012751355
0.334250322178832	6923049.318054682	7.162175504889839	6.717610937020118
0.31744423269219624	1649770.2890713525	7.246929833742438	5.905454197348448
